0
0
0
0
0
0
1
44
131
104
48
20
5
239
22
11
28
164
146
103
93
135
57
220
208
122
87
69
104
105
113
147
73
12
2
193
205
207
203
118
154
86
73
59
75
72
26
61
32
44
28
16
254
1
25
55
101
20
31
33
252
2
241
44
28
24
51
81
23
65
47
61
73
24
27
19
10
51
26
8
228
249
218
193
230
190
219
176
224
199
204
169
156
144
152
146
148
153
167
139
155
147
119
116
106
121
115
113
117
123
108
116
129
114
108
127
118
115
118
114
121
115
103
152
198
192
223
64
43
235
166
169
191
181
161
149
167
182
196
163
170
128
157
155
144
146
121
119
152
129
124
29
108
102
87
100
13
221
205
170
139
139
105
111
101
112
98
112
220
154
84
92
88
91
80
89
68
61
59
71
77
47
74
55
89
48
63
56
60
68
62
57
56
47
61
75
51
52
47
63
41
61
44
52
56
54
45
63
55
71
119
169
137
92
118
105
80
66
52
69
58
42
51
53
60
46
60
49
53
41
55
30
25
19
29
19
33
46
36
27
37
34
38
35
33
36
46
51
49
49
76
102
59
187
29
